Set	Process_ID	 Interval	 Layer	 Sv_mean	 NASC	 Height_mean	 Depth_mean	 Layer_depth_min	 Layer_depth_max	 Ping_S	 Ping_E	 Dist_M	 Date_M	 Time_M	 Lat_M	 Lon_M	 Noise_Sv_1m	 Minimum_Sv_threshold_applied	 Maximum_Sv_threshold_applied	 Standard_deviation	 Thickness_mean	 Range_mean	 Exclude_below_line_range_mean	 Exclude_above_line_range_mean
7	2237	1	1	-57.459448	3115.043848	40.264022	49.303895	0	150	0	3378	0	20181202	 07:00:24.7120	999	999	-999	1	0	1.28433E-05	40.264022	49.303895	69.841428	29.578661
8	2238	1	1	-59.728827	1780.855558	38.816782	55.59189	0	150	0	2503	0	20181203	 06:42:03.6050	999	999	-999	1	0	3.35738E-05	38.816782	55.59189	75.463626	36.646154
9	2196	1	1	-51.583189	11278.9595	37.678717	45.312488	0	150	0	5899	0.114977	20181204	 06:39:32.5320	3.397635	-10.78929	-999	1	0	2.79512E-05	37.678717	45.312488	63.933432	26.222309
10	2197	1	1	-54.347518	5842.044372	36.882882	51.535713	0	150	0	3027	0.11279	20181204	 10:20:32.3260	3.46665667	-10.64673167	-999	1	0	1.54418E-05	36.882882	51.535713	70.003042	33.117522
11	2240	1	1	-65.154012	480.357068	36.515185	50.147662	0	150	1	5442	1.279925	20181205	 06:57:20.2340	3.137815	-11.11909833	-999	1	0	3.1073E-06	36.515185	50.147662	69.203663	32.68896
13	2199	1	1	-57.176911	2272.885951	27.528145	52.331753	0	150	0	4298	0.107677	20181206	 06:50:20.4100	3.22701667	-11.7092	-999	1	0	1.55374E-05	27.528145	52.331753	64.849644	37.322124
14	2200	1	1	-56.891894	4437.655117	50.332805	66.722316	0	150	2	3412	0.104137	20181206	 09:26:06.2100	3.26001	-11.66481833	-999	1	0	1.50889E-05	50.332805	66.722316	88.920938	38.5893
15	2201	1	1	-54.011064	6793.029181	39.689723	39.138365	0	150	0	2647	0.124797	20181206	 12:49:38.2020	3.37821167	-11.84634167	-999	1	0	6.62205E-05	39.689723	39.138365	58.204544	18.514433
16	2202	1	1	-63.950757	907.421833	52.286928	68.088539	0	150	0	14478	0	20181207	 07:15:27.6280	999	999	-999	1	0	6.79952E-05	52.286928	68.088539	90.631503	38.345479
17	2203	1	1	-58.783483	2954.078328	51.793888	54.556651	0	150	0	5785	0	20181207	 11:11:42.9130	999	999	-999	1	0	1.45484E-05	51.793888	54.556651	75.654998	23.85947
18	2204	1	1	-60.726207	1715.563144	47.047397	52.224233	0	150	0	6093	0.207696	20181208	 06:56:16.6220	1.882435	-9.44224333	-999	1	0	1.77355E-05	47.047397	52.224233	71.257496	24.210411
19	2205	1	1	-49.741106	24845.70763	54.308788	47.165465	0	150	0	5016	0.134701	20181208	 10:31:58.3980	1.81660667	-9.33997	-999	1	0	0.000192421	54.308788	47.165465	73.67944	19.370656
20	2206	1	1	-55.939699	5625.885255	51.247054	44.782763	0	150	3	6402	0.123854	20181208	 17:25:25.1730	2.50140667	-9.404865	-999	1	0	0.00020364	51.247054	44.782763	68.875464	17.627177
22	2207	1	1	-58.305368	1808.338485	28.400418	46.890013	0	150	1	2720	0.053509	20181209	 10:42:28.2260	2.75815333	-10.91807167	-999	1	0	4.89171E-05	28.400418	46.890013	60.984981	32.586253
24	2208	1	1	-61.467674	823.09978	26.774909	52.157498	0	150	0	13652	0.183899	20181210	 07:05:32.0910	2.40668022	-10.85564934	-999	1	0	6.19601E-06	26.774909	52.157498	65.477104	38.702207
25	2209	1	1	-57.620405	2969.234925	39.82843	44.677395	0	150	0	7507	0.159703	20181210	 12:50:25.5160	2.71390001	-11.07663959	-999	1	0	1.7679E-05	39.82843	44.677395	63.985736	24.153013
26	2210	1	1	-57.433095	3288.892242	42.253945	48.555371	0	150	0	6323	0.107933	20181210	 16:02:02.9620	2.821135	-10.96766667	-999	1	0	2.54829E-05	42.253945	48.555371	68.269868	26.01538
27	2211	1	1	-54.724844	4464.099468	30.741598	50.224025	0	150	0	3567	0.081966	20181211	 09:22:48.2610	2.59997333	-10.82552333	-999	1	0	0.000162432	30.741598	50.224025	66.494411	35.754352
28	2212	1	1	-57.924604	1997.331443	28.735494	51.963288	0	150	0	2520	0.058485	20181211	 14:47:42.9350	2.13197543	-11.07136067	-999	1	0	1.53761E-05	28.735494	51.963288	65.83194	37.095428
29	2213	1	1	-58.659694	2297.586087	39.151582	55.21816	0	150	0	5729	0.153647	20181212	 06:59:06.6430	2.41853833	-13.2148079	-999	1	0	1.52953E-05	39.151582	55.21816	74.427246	35.276466
30	2214	1	1	-59.722857	2552.535986	55.560444	51.343231	0	150	2	4537	0.181054	20181212	 10:07:25.0910	2.48190667	-13.39979	-999	1	0	2.94552E-05	55.560444	51.343231	75.41323	19.851228
31	2215	1	1	-53.792355	9256.626996	51.427624	51.948804	0	150	3	5826	0.271892	20181213	 09:23:01.1690	2.50151035	-17.55339523	-999	1	0	4.58496E-05	51.427624	51.948804	73.112256	21.684402
32	2216	1	1	-57.007078	3485.954617	40.601086	36.921582	0	150	1	4701	0.117718	20181213	 14:50:02.4030	2.56528	-18.114355	-999	1	0	5.56887E-05	40.601086	36.921582	55.329635	14.728761
33	2241	1	1	-50.337159	22559.92412	56.566815	44.989786	0	150	0	9296	0.259986	20181214	 07:15:01.5120	2.07117833	-18.24858	-999	1	0	6.41208E-05	56.566815	44.989786	72.951377	16.384746
34	2218	1	1	-52.725628	8061.043257	35.031779	30.265008	0	150	0	3088	0.128653	20181214	 14:28:17.5490	2.35221245	-17.93694622	-999	1	0	7.87331E-05	35.031779	30.265008	45.098158	10.067478
36	2219	1	1	-56.166262	5556.023847	53.321023	45.362773	0	150	3	3126	0.032777	20181215	 12:55:39.6390	2.93501833	-16.49531833	-999	1	0	5.96568E-05	53.321023	45.362773	72.100908	18.781389
37	2220	1	1	-53.572313	10757.68319	56.814372	40.519009	0	150	1	4950	0.200146	20181216	 09:53:54.0630	2.25510167	-20.38730333	-999	1	0	0.000136616	56.814372	40.519009	66.520454	9.706035
38	2221	1	1	-54.434153	7846.205057	50.533937	58.691272	0	150	0	10979	0.025728	20181217	 07:32:58.7090	4.41320833	-22.11329333	-999	1	0	3.92925E-05	50.533937	58.691272	85.312532	34.778307
43	2222	1	1	-55.997694	3882.647474	35.843098	46.000421	0	150	0	5873	0.143808	20181221	 09:11:27.4640	1.83575667	-11.96734333	-999	1	0	2.45904E-05	35.843098	46.000421	61.233017	25.391026
44	2223	1	1	-54.275227	3471.832226	21.557065	20.1424	0	150	3	2139	0.063683	20181221	 14:24:58.5520	2.23592	-12.39186333	-999	1	0	7.87491E-05	21.557065	20.1424	29.424021	7.866954
46	2224	1	1	-54.295095	6919.361507	43.160228	44.230607	0	150	0	2702	0	20181222	 10:15:58.6320	999	999	-999	1	0	5.24639E-05	43.160228	44.230607	64.428445	21.266919
47	2225	1	1	-60.559891	1340.676669	35.385173	43.340006	0	150	0	4799	0	20181222	 14:39:23.4130	999	999	-999	1	0	1.47803E-05	35.385173	43.340006	61.235602	25.850392
48	2226	1	1	-56.642688	2718.565158	29.114996	50.327066	0	150	0	5059	0	20181223	 07:12:32.4530	999	999	-999	1	0	1.47264E-05	29.114996	50.327066	64.636692	35.522446
50	2227	1	1	-62.063476	886.29753	33.070088	43.125898	0	150	0	6889	0	20181223	 14:00:56.8930	999	999	-999	1	0	1.41839E-05	33.070088	43.125898	58.838501	25.768444
53	2228	1	1	-55.214411	3775.760534	29.104069	44.841375	0	150	0	2350	0	20181224	 16:28:48.6720	999	999	-999	1	0	2.15149E-05	29.104069	44.841375	58.551943	29.449766
55	2229	1	1	-51.91038	14180.94239	51.080044	44.711051	0	150	0	3666	0.106605	20181225	 14:07:24.7360	2.14446	-5.63545167	-999	1	0	6.38651E-05	51.080044	44.711051	70.266502	19.185631
57	2230	1	1	-50.756527	15837.63393	43.737216	43.583927	0	150	0	4017	0.163215	20181228	 10:31:32.9560	2.69066333	-5.71201667	-999	1	0	5.04064E-05	43.737216	43.583927	65.27051	21.533037
59	2231	1	1	-52.385599	8499.281424	34.154685	41.20161	0	150	3	3799	0.203801	20181229	 07:08:17.6430	2.67360667	-6.96791167	-999	1	0	2.99436E-05	34.154685	41.20161	58.524245	24.372631
60	2232	1	1	-53.671806	4542.084943	24.543926	34.447196	0	150	0	7750	0.192842	20181229	 10:03:47.8810	2.61030833	-6.99905	-999	1	0	4.33199E-05	24.543926	34.447196	46.485532	21.942594
63	2233	1	1	-53.163019	6494.955306	31.216647	37.016063	0	150	0	3635	0.058232	20181230	 11:45:20.3550	2.19882667	-7.81890333	-999	1	0	4.02145E-05	31.216647	37.016063	49.603148	18.390635
64	2234	1	1	-57.509117	1812.757105	23.700607	33.014801	0	150	0	4734	0.165814	20181230	 14:07:05.3710	2.20539833	-7.84538833	-999	1	0	1.85094E-05	23.700607	33.014801	43.789019	20.089367
65	2235	1	1	-53.469126	5951.833654	30.695274	39.364685	0	150	0	3407	0.136899	20181231	 07:11:31.9510	2.43415167	-8.005875	-999	1	0	3.60163E-05	30.695274	39.364685	54.224905	23.530617
66	2236	1	1	-53.756217	6737.965328	37.124327	36.614468	0	150	1	6353	0.122109	20181231	 14:00:48.9110	2.64043333	-7.28294667	-999	1	0	0.000127852	37.124327	36.614468	54.098373	16.973914
