set	Minutos	Zfin	SD_Zfin	 Zsup	SD_Zsup
7	641	59.875475	16.87755649	26.35359367	10.8930507
7	643	40.026869		29.62166438	4.038110241
7	646	47.81556	12.70028309	38.064484	0.229700401
7	647	69.0975505	0.89894177	29.9685045	5.768454634
7	648	69.7821032	0.288632941	36.03690329	3.169795712
7	649	70.8773876	0.1825475	36.65988256	1.268380285
7	650	69.66040467	2.583761526	30.14648838	9.90402504
7	651	71.54672867	0.105394137	25.37743613	7.968268847
7	652	72.276918	0.10539356	36.8870528	0.538437921
7	653	70.5122928	2.366085389	15.5655108	5.852916251
7	654	71.0234256	1.831852637	25.08405643	4.807192746
7	655	67.90447214	0.688813404	33.39431167	0.105394137
7	656	70.20804711	1.261427791	38.14923786	0.704755121
7	657	74.847795	2.741114316	26.01128156	5.864134562
7	658	68.686818		16.55648257	0.861765443
7	659	71.09035967	0.521672823	28.48425315	4.001603484
7	700	73.48520829	1.118934522	30.92557443	6.403425717
7	701	67.2994578	2.150653772	33.846334	2.834738346
7	702	71.007779	2.488977652	33.5464345	0.235667938
7	703	73.02739111	3.755309592	35.889127	0.10539356
7	704	73.0223205	1.753310541	32.651952	2.111562052
7	705	72.3986165	2.494072977	36.76709286	0.400337942
7	706	70.53837129	2.378793943	29.6946834	2.364676685
7	707	58.05850033	7.861088525	22.92825767	5.189829915
7	708	64.30568	0	32.9075182	1.91021733
7	709	64.60992567	0.105394137	25.0944878	3.294462888
7	710	70.9869164	3.072550752	21.04193433	0.658184649
7	711	69.99507517	2.535811015	26.44012314	3.413290927
7	712	67.426661	3.639250914	25.267201	7.44894709
8	632	64.6980115	2.380218511	38.3162578	10.23599092
8	633	65.21841675	1.483022531	46.4768788	2.105993431
8	634	72.93104675	3.690826465	42.9111185	4.656292045
8	635	80.1873076	0.89014618	44.1524414	2.222785452
8	636	73.067957	1.527301603	23.08038067	12.29097093
8	637	71.48119862	1.59033766	42.27828744	7.423534065
8	638	76.11041483	3.811173	19.34922145	8.670174194
8	639	69.143187	2.194368717	49.33678875	0.745247211
8	641	67.5002601	1.699968704	44.935367	8.029724903
8	642	72.44208029	2.205369425	29.33954536	2.541757565
8	643	76.77106271	5.565666269	37.66896425	7.815875671
8	644	84.44674844	9.020411815	25.26334413	5.86545937
8	645	74.71088425	7.924886396	42.791159	11.55225345
8	646	79.90334489	5.588688694	45.17876367	0.669340557
8	647	77.79759564	6.171321218	35.280635	6.769655831
8	648	76.7949675	5.476123772	34.5321905	4.231926041
8	649	81.5016493	6.144739882	36.14358673	5.305879428
8	650	96.46126775	13.1630874	39.25174355	8.58797201
9	626	67.8830295	2.993848392	19.973325	0.037724147
9	627	63.027848	0	17.4640042	3.907965167
9	628	59.924541	0	13.71975333	2.609605838
9	629	40.99787228	9.043142919	15.9306058	4.851932952
9	630	54.29517724	0.7424694	29.72597714	2.89757697
9	631	56.21852914	3.124418667	28.49595508	5.625323577
9	632	54.1433546	5.496471861	16.41739878	3.783182932
9	633	44.48624441	10.48233157	13.52326119	1.729510638
9	634	61.53568	2.726069889	19.855376	0.737756649
9	635	67.82623757	0.228835231	24.73852013	1.089838222
9	636	63.75803723	1.730192997	28.28298311	3.085807968
9	637	68.5955445	1.370119739	27.39052889	4.003347044
9	638	68.869366	0.428111622	27.248547	0
9	639	67.926204	1.086490894	26.51835775	2.992145182
9	640	68.30512827	0.299450565	26.85737443	2.093145008
9	641	69.8551222	0.571463795	24.61464857	1.349111587
9	642	73.49943291	3.752913545	31.949144	1.740594059
9	643	70.27758914	0.513239582	29.499966	2.699913412
9	644	68.650309	1.728908324	25.06803808	4.984225822
9	645	69.4900272	0.208136086	25.26831085	2.017527441
9	646	65.55308733	2.353139463	31.72837941	1.587460135
9	647	64.85332213	0.218185636	32.42123465	2.555440482
9	648	67.04389133	0.163275448	38.48990251	2.827773593
9	649	66.861344	0.653101791	27.15001964	2.539869297
9	650	68.75969238	0.817756759	29.02138716	3.911466165
10	1007	70.803789	1.136729305	27.3664965	10.41779926
10	1009	82.104056	8.90655721	32.359876	0.516322301
10	1010	89.862323		28.435106	0.129080929
10	1011	79.27457		21.8633975	2.968852168
10	1013	74.46748733	0.421575393	20.494292	#¡DIV/0!
10	1014	71.60757767	2.455924804	28.43128225	1.345328427
10	1015	69.348553	0.816012173	28.95232356	3.603867417
10	1016	69.47785733	0.105394137	32.603273	0.10539356
10	1017	71.07653045	1.317518487	30.81302653	1.137355817
10	1018	66.00945567	2.65709495	33.45516093	0.768311915
10	1019	64.94459563	1.298160538	33.3638871	1.033540208
10	1020	72.15521995	2.753859736	31.36727438	3.302019662
10	1021	70.77090192	1.522251663	34.24239669	3.446696205
10	1022	71.54672867	2.126893302	40.0086141	2.482839011
10	1023	71.33375642	1.342573139	32.92273083	2.175942123
10	1024	67.53345041	4.953793349	33.323321	1.461460415
10	1025	69.00429217	3.062634333	36.62692263	2.023863359
10	1026	71.18752517	0.954786481	32.236303	8.212272315
11	646	70.76996267	0.599905884	43.28256846	7.78086565
11	647	71.63432179	2.200321233	44.01041508	2.288378141
11	648	72.27650004	3.265858216	42.40183188	4.903130802
11	649	61.3033442	2.601105709	36.00125924	1.260918884
11	650	63.19376733	2.743382089	31.47207506	3.146143891
11	651	69.33160305	2.757908093	30.87031414	6.941539296
11	652	58.11098712	11.95504109	23.04971477	6.685026695
11	653	56.79474277	5.655137333	9.327040313	1.342346292
11	654	63.41532354	5.809466989	17.23027094	2.807183104
11	655	69.63295333	0.105501524	17.9132378	0.989877461
11	656	72.22168025	2.426202901	27.8630855	3.122197623
11	657	70.3943434	1.699521251	32.187782	0.393144326
11	658	81.2213125	6.667543135	34.17392271	0.31143939
11	659	74.524124	2.948316737	35.96310592	2.690243849
11	700	75.83066975	6.456646599	39.664634	5.802572855
11	701	77.97779	3.652180518	46.18213425	2.136239282
11	702	71.92473788	1.233331387	46.163861	1.094539242
11	703	71.886668	0.907556681	39.1468885	0.447604009
11	704	71.4724722	0.510347464	39.61590487	2.389020205
11	705	66.6483036	3.199143793	40.33465723	1.37354443
11	706	60.51367371	0.14377404	24.20841225	5.405077101
11	707	76.67254971	9.066937475	21.53339467	1.454554282
11	708	85.074342	11.00770748	26.982295	4.705598271
13	641	66.871763	2.950749983	47.3989738	15.7696582
13	642	64.12326081	2.767757403	38.87426492	5.06488064
13	643	66.47349165	2.567782373	37.0019305	1.23849823
13	644	66.85272375	7.906839803	35.31811769	6.918280393
13	645	60.94867307	2.250316112	31.94380086	1.794194759
13	646	59.02342339	2.712382648	32.7214396	1.407574957
13	647	63.92736941	2.40393325	37.2881086	2.147920932
13	648	65.01083394	2.645794928	38.34425455	2.572708297
13	649	64.67594493	5.459814213	38.402376	2.712463027
13	650	68.90235235	8.414356908	33.69870667	2.860910545
13	651	52.01104938	0.569331048	33.19637283	2.269776786
13	652	53.47238367	0.326764216	28.966935	1.087969728
13	653	55.05549533	0.660300873	30.61294329	2.051591344
13	654	56.212385	1.285895776	33.04415083	0.989889915
13	655	69.67753486	13.84043368	40.4665101	3.426916018
13	656	68.91602773	6.522694124	41.85021075	3.135029674
13	657	59.500387	0	36.301708	1.265552367
13	658	81.9501297	19.76901821	46.1657132	7.377114341
13	659	81.85423175	7.742471188	44.39123614	1.82579738
13	700	90.08876427	11.8086276	42.6950448	2.134154261
13	701	74.2726295	4.989334699	38.8788	8.338562832
14	917	65.59595825	2.94107447	33.46207009	2.029761469
14	918	78.4246631	9.08539402	46.97159588	5.689145489
14	919	96.69710626	11.60300665	53.72463771	7.849885173
14	920	77.38143311	3.373707941	32.98761114	1.846135292
14	921	79.04573	0.516659532	33.6804399	2.178560261
14	922	77.9131962	2.721400992	32.1612615	2.810140724
14	923	77.85839619	4.008137768	33.41225182	5.541652021
14	924	82.9730655	0.191582766	37.6899754	1.995169316
14	925	84.28217733	1.691517986	35.87548533	4.72209169
14	926	129.9990053	17.67064577	43.334378	1.160089526
14	927	129.7096571	18.69040957	43.4257115	0.421850789
14	928	88.51395717	1.659823598	42.02526633	0.210925106
14	929	86.6264005	0.753154203	41.8273775	0.345782566
14	930	85.19551117	1.999901973	40.8683768	1.840316451
14	931	90.91907	0	43.63882283	0.546984485
14	932	86.4741785	0.838412006	43.8641118	2.239438069
14	933	93.35462667	0.459701339	39.15587625	4.631383329
14	934	88.3982684	5.545674007	35.774004	4.466421175
14	935	84.090968	9.414478794	32.68849363	5.361817559
15	1242	57.276699	11.02475668	21.43002267	1.241799234
15	1243	51.2803822	0.894880774	23.69770133	1.276054742
15	1244	57.27794117	1.34439078	20.044366	#¡DIV/0!
15	1245	57.12571864	1.839409923	16.93903117	2.05042921
15	1246	60.04838695	1.354044605	14.7287634	2.774649196
15	1247	56.3950516	0.661422921	20.03218847	1.819433537
15	1248	56.79082967	1.042428336	20.53147744	1.017045518
15	1249	67.37697744	5.118832045	24.35878119	4.532740948
15	1250	58.91179372	11.59179525	34.18581808	4.764294791
15	1251	50.98354888	5.334492866	21.44481167	1.792865998
15	1252	50.30615967	5.41979802	15.90391933	0.210925106
15	1253	34.657707		14.19903	0
15	1254	40.17830256	4.476992331	12.920362	0
15	1255	68.9533915	9.071938345	11.641695	#¡DIV/0!
15	1256	97.251516	6.709739184	11.641695	#¡DIV/0!
15	1257	79.04573017	14.58271207	12.1896954	0.1826665
15	1258	59.987498	0.105462842	11.58080633	0.421850789
15	1259	58.039053	0	5.248358	0
15	1300	57.673719	0.563016533	3.933158	0.650970588
15	1301	63.80610314	1.71310251	8.7646935	0.405037315
15	1303	61.66070167	7.242805193	18.081132	2.898376944
16	646	96.46377429	11.71781711	40.76470718	8.078310831
16	647	85.2107335	0.524670577	26.02670288	3.885695984
16	648	92.075959	8.590129973	22.079796	0.195278814
16	649	94.88554629	7.500994841	22.5103675	0.100050836
16	650	84.05601857	1.79242287	23.149701	0.632775895
16	651	78.863063	0	51.12262477	19.70748533
16	652	77.9497295	0.258329442	60.5963871	12.61209307
16	653	64.2131891	6.174628729	25.17933189	6.747827697
16	654	77.0363958	0.885510054	25.93185638	4.438936196
16	655	71.60205925	0.705497335	40.98461945	4.574168706
16	656	106.7548692	9.249919923	44.10656055	3.686150924
16	657	90.5172028	3.573458929	47.53571388	6.288468554
16	658	104.5929804	15.20508333	38.00659767	5.323665796
16	659	124.4079711	2.534397055	51.3351824	4.591404301
16	700	99.260849	6.478533995	62.63181686	2.255591752
16	701	72.043504	0.105462842	39.29080045	10.20918401
16	702	70.46039233	0.1826665	19.95303283	1.518442952
16	703	73.885394	2.470507494	32.68262281	5.841993573
16	704	82.090176	0.105462842	50.71833077	4.778788075
16	705	81.3899535	7.713138543	44.3025121	10.01647717
16	706	68.0857245	0.210925106	21.26214433	1.159130742
16	707	73.12210829	4.025384762	20.77503325	0.577642825
16	708	76.062173	6.302003377	21.20125533	0.527313631
16	709	71.51072613	6.984295456	17.9436984	0.731934604
16	710	57.052652	5.271447836	20.98379514	4.34632855
16	711	71.73905975	1.075512703	60.00272025	4.757107812
16	712	117.4318423	30.00546766	53.41149483	8.692072135
16	713	86.69743667	18.19425008	28.42094186	7.881831695
16	714	68.5423915	0.904154107	20.30531871	0.982882497
16	715	72.1409256	35.51856237	24.95353538	1.973278113
16	716	109.45974	0.387494516	50.1113152	10.61795249
16	717	92.17490125	10.31168838	51.46304925	5.536540764
16	718	54.3126508	6.739636196	34.1462402	4.152204446
16	719	61.7654544	7.333564154	22.73870125	0.0913335
16	720	81.1007315	4.274493377	26.255036	#¡DIV/0!
16	721	103.6144075	21.57053631	26.52903625	1.889519643
16	722	126.8261314	15.86393868	28.507926	0.210925683
16	723	76.57142582	7.623734165	38.9808205	2.595325588
16	724	88.1181795	3.447840342	28.36875143	2.450407501
16	725	81.01291069	8.745826223	25.09814633	0.279027906
16	726	90.32540238	14.59269332	40.22904333	5.30142886
16	727	103.157739	19.83461257	40.8683768	4.786078297
16	728	87.63106767	3.648765536	33.7078402	0.700354981
16	729	87.5580012	2.972477001	44.88704575	6.470289718
16	730	90.24929133	1.476477473	54.11171725	0.380251283
16	731	89.2020022	0.980293012	52.4677165	1.767877376
16	732	89.4577355	0.774989739	52.924383	0
16	733	79.8677305	1.420814404	52.0110495	1.687403734
16	734	94.5724025	18.25790366	50.91504867	2.68960926
16	735	125.07775	0.258334391	50.32138225	0.899529503
16	736	137.49909		50.732382	0.210925683
16	737	149.18976	0.774989032	51.00638217	1.290356946
16	740	125.004684	19.45533918	44.4303785	0.738238737
16	741	88.60529067	1.295947567	39.43313843	2.453971419
16	742	81.48128733	0.527313631	35.3883742	0.341738398
16	743	83.33839825	18.18765254	44.33904543	5.649888301
16	744	93.01932156	20.5773031	29.74875467	4.838917211
17	1100	92.2342702	4.837048816	24.21960629	0.323833469
17	1101	100.1132967	1.216255346	29.22337094	2.58631019
17	1102	89.86873588	8.199246683	14.48133282	2.719666621
17	1103	66.989724	0.949163843	14.16057358	1.750573913
17	1104	79.54806375	5.566842465	17.30436488	2.988151267
17	1105	87.740668	6.164292611	21.95534146	1.796917471
17	1106	89.51862467	4.218507891	19.191921	0.105462842
17	1107	93.23284867	4.796524574	18.13466818	1.870642472
17	1108	92.928404	0.200101673	20.2635662	2.934225085
17	1109	79.06095225	4.409156375	30.723346	1.931170614
17	1110	91.22351433	0.758672188	31.73503888	1.295088657
17	1111	86.8775675	2.028076977	32.3195722	0.870307007
17	1112	127.1936441	18.87422829	26.92481433	1.687403157
17	1113	80.8723978	17.10935326	31.552372	0
17	1114	70.82572571	3.864888017	30.760816	0.105462842
17	1115	73.6753272	4.273387391	31.42189586	0.468262733
17	1116	68.81639144	1.235535208	30.2371716	0.152830177
17	1117	72.58389325	0.617043824	29.9083715	0.49466359
17	1118	66.5147904	3.112311276	27.77725867	0.421850789
17	1119	68.05527983	2.964421296	18.79614333	0.897982281
17	1120	83.2470656	8.210866142	20.77503333	0.316387948
17	1121	84.45723288	9.342797068	23.33236767	0.3653335
17	1122	62.21429286	1.478091113	21.19255743	0.993334829
17	1123	73.072527	6.728184289	19.75731843	1.260520661
17	1124	82.6807988	17.4804127	19.546184	1.408053675
17	1125	63.4635102	3.715978171	22.36227575	1.623535414
18	643	58.0828565	16.85338596	30.342855	14.62700581
18	644	54.0843172	4.482746036	40.34921879	3.396304668
18	645	64.77488963	0.643513989	45.722094	1.120375058
18	646	65.18335267	2.083611374	38.42064233	6.420789585
18	647	75.94039518	4.583989491	14.56436333	4.806600907
18	648	76.62124409	2.668549478	9.5227608	1.333592805
18	649	92.664552	16.27506307	17.8036538	3.324382108
18	650	67.081057	1.420813697	21.9989006	1.461460862
18	651	62.81883283	1.055154237	19.8616995	0.210925106
18	652	74.29639418	6.669213171	14.686141	3.281229305
18	653	62.94061058	1.226190832	10.62398029	0.363152439
18	654	90.34296685	7.685708469	9.293122571	0.891322761
18	655	55.1163842	14.74348241	21.23170025	8.336891556
18	656	50.85416	1.216255095	28.78192617	0.647544531
18	657	55.23816233	2.327358851	23.4054344	2.519874574
18	658	51.463049	0.563016857	28.2187035	0.639333571
18	659	51.4021605	1.969641358	40.32037667	0.94916442
18	700	64.88905617	4.692438489	31.2601052	5.814716829
18	701	119.9082848	15.54756594	25.0859688	2.052868842
18	702	137.4382047	11.68258334	31.34360986	0.826578526
18	703	87.083068	16.27477816	29.3969044	1.525021346
18	704	62.057721		25.18513071	2.716414182
18	705	56.029718	0	17.91325433	0.527313631
18	706	62.76809211	8.091356324	17.16736475	0.229850934
18	707	64.32521283	6.0544819	18.575638	0.960219317
19	1022	64.2338795	2.944189712	36.41978858	5.553757039
19	1023	63.0014995	0.213545979	27.30805618	2.681944798
19	1024	75.06620421	10.68301541	21.5422336	0.850921329
19	1025	74.11372764	7.401949365	14.9418746	2.51738272
19	1026	87.00188244	2.994719832	15.16716355	4.135868001
19	1027	65.3091895	7.625860165	12.66158475	2.554318187
19	1028	67.06800971	0.255236076	15.71516385	2.290035319
19	1029	67.263724	3.487452059	19.9164996	3.027410334
19	1030	75.81861717	3.58076543	11.96136175	0.304879098
19	1031	78.375952	4.670938156	11.41336167	0.908755649
19	1032	66.12205663	0.27181693	15.56903064	1.10706853
19	1033	73.54289388	1.67825625	20.78721107	3.481958236
19	1034	72.01305988	8.950937679	20.54669975	1.828949532
19	1035	83.21662117	3.113740604	13.92502975	0.823690201
19	1036	68.0857244	3.020912563	19.33653263	3.005389557
19	1037	64.7368335	0.618554698	23.35266422	0.608889104
19	1038	90.675514	14.28572048	25.54097491	0.602825538
19	1039	85.23030486	15.98149	25.585258	0.279028451
19	1040	80.78106417	5.245749502	23.08881233	3.379746383
19	1041	76.94464822	6.787474562	16.10963633	4.15670678
20	1713	86.82837279	11.33064642	37.00714911	6.44080484
20	1714	104.223299	1.302950567	30.586848	3.397366566
20	1715	103.2856095	1.451278391	18.96241685	3.407164942
20	1716	94.38973811	3.368208608	13.5414292	0.936779471
20	1717	84.61706625	2.912865915	10.72836136	0.788125851
20	1718	79.0274635	0.303835179	9.371408143	0.232428783
20	1719	77.18861817	4.888398146	8.64291575	0.501515296
20	1721	58.13038583	1.983427827	12.4636955	0.551036509
20	1722	63.41467429	2.137687884	11.7330285	0.105462842
20	1723	61.74457829	2.340973057	14.76732611	1.410337837
20	1724	57.399719	0.105462264	17.6696982	1.597681705
20	1725	61.82938775	2.735212912	19.0214324	0.100050289
20	1726	64.02138913	0.688687355	17.22317956	1.696715212
20	1727	63.2450555	0.129165074	16.8659646	2.970730319
20	1728	56.943052	4.995860938	16.52803108	3.451936133
20	1729	57.65342278	2.948872363	19.25749392	6.118829537
20	1730	60.70076829	1.278045685	25.585258	0.210925683
20	1731	62.08816567	1.267747748	28.73118556	4.207397737
20	1732	63.85829371	0.859560343	21.03888522	9.709778459
20	1733	64.554167	0.558055921	7.836137667	2.009837613
20	1734	66.62439	0	17.48703157	2.020374835
20	1735	57.03438538	4.81215102	24.91548	0.105462842
20	1736	54.888051	0.212800309	25.1590355	0.394605357
20	1737	48.18178638	7.965115444	16.17593086	3.906846923
22	1037	65.8752082	1.970515602	36.56337164	6.362658609
22	1038	64.67859222	1.950042832	36.48437464	2.990383827
22	1039	68.64387289	1.049288748	34.911411	2.611363569
22	1040	66.21556476	1.137685062	36.5026415	2.499339918
22	1041	64.67594478	1.728108707	21.15441808	5.160382555
22	1042	62.01205458	2.365228344	17.98696153	5.142804632
22	1043	51.7918496	3.252631285	34.15029933	5.259054622
22	1044	49.0274925	1.27431073	32.74985433	4.422942052
22	1045	54.87282856	2.621761138	34.42284986	0.376049462
22	1046	60.75622063	0.853647668	33.091992	1.553051042
22	1047	69.69135925	5.47769412	35.78333324	4.589079164
24	639	61.98829	5.397071845	34.87494925	9.922612835
24	640	60.96172089	0.91333385	34.596818	2.57197141
24	641	59.3420754	2.145700645	22.98364045	4.074291453
24	642	62.86449958	2.69980612	21.77139745	1.601569088
24	643	60.96172057	0.753154365	24.31420169	0.699162916
24	644	59.16315554	2.706147294	23.12159846	2.911082221
24	645	68.64777592	4.080099436	25.25036893	1.125463702
24	646	57.91727483	2.795855925	23.98692375	3.755251629
24	647	67.86880756	9.335497293	34.73599271	0.445661193
24	648	71.35449811	6.598767743	38.81845011	1.623006742
24	649	62.7153216	5.80664526	41.3615772	1.921718462
24	650	55.61871788	1.050475479	31.51583873	1.490722054
24	651	50.2574486	7.179317548	33.63196285	2.362386247
24	652	54.2395839	3.378978611	39.5897095	5.683255495
24	653	60.2310535	0.421850789	35.2970405	0.69076064
24	654	58.267386	0.882814491	34.97737375	1.690460948
24	655	72.86115529	10.59174727	37.58037538	2.546126373
24	656	61.258554	1.134205678	43.39526717	0.335165682
24	657	63.67562671	2.687599691	46.5858467	2.504674539
24	658	63.54949983	1.110617875	46.25704658	2.220188538
24	659	71.36067843	6.224896805	39.1102095	2.283465011
24	700	58.185186	1.457905041	31.91770575	4.848663321
24	701	58.55660817	2.067983655	36.45393033	3.971466917
24	702	64.2131892	2.143514799	41.94154413	2.758963656
24	703	58.63271925	0.376577102	40.2594875	2.46069581
24	704	61.245869	6.584313949	42.90054463	1.581752187
24	705	66.98972371	3.635022454	48.35771417	1.830317478
24	706	80.58824933	12.32361542	45.13613691	2.78262411
24	707	70.2959922	8.154774943	35.93637457	0.723015721
24	708	72.33925057	8.37663005	39.19116418	1.188929442
24	709	74.0589277	13.76064015	36.7401082	3.978987394
24	710	69.181725	3.506535571	44.05199771	1.422211254
24	711	65.95461233	4.234298033	40.13770989	2.462616246
24	712	67.610791	0.331830754	42.45148867	2.06879002
24	713	68.67939138	2.305925639	44.7500455	0.524670113
24	714	66.48231644	0.489957227	44.1563785	0.210925106
24	715	71.63467871	2.623578672	43.33437825	0.316388236
24	716	65.841533	1.015482072	40.05467955	1.949258326
24	717	68.89757678	1.506616364	43.9371784	1.369391834
24	718	65.1995894	0.238168629	45.435046	0.632775895
24	719	68.5058579	4.128834559	43.973712	0.537756295
24	720	72.20587478	8.509267628	45.0331788	0.081690719
24	721	70.31093755	6.755617539	48.51428586	3.082739115
24	722	66.10248514	2.086532485	44.782665	2.711144711
24	723	68.78594708	3.553013346	43.8275784	2.908425958
24	724	66.12205663	3.057768893	38.28059783	2.984613224
24	725	63.12327733	3.646783898	49.6363815	3.102109609
24	726	80.67450875	9.660937822	44.704379	3.169149652
24	727	84.92151083	11.53113044	42.28404425	0.95936272
24	728	64.9803894	5.833272988	34.97085014	4.497603184
24	729	67.87261333	3.920177831	28.49270375	2.151948576
24	730	63.5190555	0.210925106	36.06685057	2.234003645
24	731	66.40204871	2.504739017	35.92528275	10.67640228
25	1236	55.36642223	6.315880345	22.939049	2.141042865
25	1237	65.3409108	0.843930907	26.76937362	1.258401663
25	1238	69.59119593	2.203671535	21.64014688	2.567128022
25	1239	61.87387614	5.910779914	18.65688433	0.144233093
25	1240	37.11353036	8.715174	14.1416762	3.314615023
25	1241	25.79252575	4.120487641	9.204718154	1.094767558
25	1242	55.5203331	5.625396383	6.96572075	0.756364415
25	1243	66.2923298	0.334390597	8.820181333	1.375895357
25	1244	70.01737625	0.308784081	16.75111482	8.989958817
25	1245	68.162916		23.65586475	5.520565407
25	1247	69.13046		13.1472555	0.623853194
25	1248	69.13046		29.1386175	0.912209467
25	1249	68.162916		30.5899345	0.436687005
25	1250	68.5660595	0.570131005	33.06254833	1.303428277
25	1251	73.82484356	2.684396594	31.342469	1.445332214
25	1252	67.356629		26.0102236	1.293079395
25	1253	66.5503415	1.140262718	27.52604333	1.05743538
25	1254	73.282839	6.201426289	26.881013	#¡DIV/0!
25	1255	64.453995		28.2248255	2.318221512
25	1256	66.12032167	1.463212991	29.864276	1.508425336
25	1257	64.73619575	1.014555745	30.80494467	0.931020033
25	1258	72.033094	1.966194938	32.96272229	0.754725318
25	1259	80.91691245	7.135693061	36.1533155	0.465510016
25	1300	63.432698	0.186204122	31.77248867	2.487061502
25	1301	65.09902471	1.015623343	21.882033	0.98881194
25	1302	63.48645		25.33754957	1.921282015
25	1303	61.4707325	1.254287929	26.50090671	1.398115065
25	1304	66.23836883	1.954040046	25.65060156	2.752526454
26	1550	74.9872678	12.55596041	23.79661195	2.707727007
26	1551	63.7081795	4.278588826	28.02678984	2.456137951
26	1552	55.49268929	2.70614287	27.41440331	2.651679442
26	1553	64.40792129	8.991886581	23.204344	3.855510022
26	1554	73.71733844	4.674411589	29.746434	1.117522776
26	1555	63.64770788	0.72116524	21.71069706	2.492957647
26	1556	61.47073243	0.622140784	26.99619736	4.482942434
26	1557	72.70744336	6.034484023	29.084865	3.926774689
26	1558	61.09446517	0.295882933	19.64746586	1.239218381
26	1559	69.800299	7.91280828	10.53258152	4.357376214
26	1600	72.78562889	2.846090889	17.9888179	5.479024744
26	1601	67.78664867	2.377293958	22.35572669	3.684991008
26	1602	64.49430925	0.357564893	21.09040577	1.486227947
26	1609	64.21210875	2.145390223	27.22833715	6.872179771
26	1610	91.432363	18.8308744	24.76930905	3.854661357
26	1611	70.5817773	4.983060649	20.67260243	4.210189966
26	1612	70.45075569	5.108992003	32.52502325	0.542873441
26	1613	62.3253968	0.349597906	33.472411	0.40829394
26	1614	88.412242	23.34356065	35.105142	0
26	1615	86.97312094	25.57525462	29.3966292	1.768693599
26	1616	55.68562225	4.439654948	28.77212355	3.40409123
26	1617	65.1796535	1.482341179	29.34949269	2.962769605
26	1618	66.98036133	0.09310235	29.41715309	1.232519414
26	1619	64.469808	4.502508624	30.79292211	4.111834344
27	915	67.2269975	3.921617744	28.9232595	12.61939461
27	916	71.82940058	7.797786095	42.23070513	2.805582014
27	917	72.59275241	4.702153697	45.41095836	1.320844168
27	918	66.99013436	1.742909866	46.55442011	1.670007382
27	919	69.68590283	1.383016844	40.55765938	13.34528658
27	920	66.34876988	1.351102419	14.14167618	5.807506795
27	921	64.9377674	3.072971127	30.001819	2.454837296
27	922	71.43898789	3.487310813	32.0896284	1.332042269
27	923	63.88063533	2.221480079	40.6282095	1.548826682
27	924	57.9714462	2.88245595	35.658025	5.608533363
27	925	62.54040673	5.056562647	26.9616422	2.372732026
27	926	63.32519292	2.524936523	34.60121294	2.818931923
27	927	63.41734014	0.773917565	37.524004	3.453570494
27	928	67.947906	2.806108683	32.84753845	1.543360706
27	929	68.34020979	2.657592134	37.96831127	5.62613
28	1442	67.5495125	3.465512657	29.4070315	13.30355153
28	1443	58.97124243	1.912561148	36.99625218	0.353965882
28	1444	55.84687963	0.835420803	36.35488765	2.723532447
28	1445	62.0028819	5.178012652	36.30561444	3.246997102
28	1446	81.19405219	5.038519123	43.4905289	2.443350496
28	1447	65.5505453	0.895587746	34.2666037	3.846815056
28	1448	62.5672829	2.170229216	29.82762655	1.614332543
28	1449	65.36778711	4.166250296	34.1375979	2.729228473
28	1450	69.16501571	3.387987972	43.27063245	1.087197327
28	1451	73.02079588	5.026776304	41.28667722	3.971322396
28	1452	67.079016	1.779114083	38.23613725	7.395112211
29	645	59.84590763	4.112691489	24.166165	5.891847046
29	646	65.4215395	2.796162338	34.59449417	1.69869725
29	647	66.55034167	4.058756948	34.13759813	2.317687396
29	648	67.876236	2.406436521	30.3157967	3.692173099
29	649	70.96700339	4.832388721	36.21602678	6.960945778
29	650	97.64370645	6.710254136	29.25687307	2.800012537
29	651	68.19223527	11.53206405	14.3674368	4.556104952
29	652	72.07340863	3.32245102	22.84957775	8.236623467
29	653	69.3078437	1.476872987	40.86643055	3.413245742
29	654	69.9905	0.186204122	33.57319667	0.754643441
29	655	89.5779027	8.283743281	38.49154863	1.413715177
29	656	79.40695673	5.770714335	31.43653592	7.337454828
29	657	84.669813	8.015734525	22.93753636	5.06787932
29	658	77.67710431	3.330268656	36.94808486	2.189099882
29	659	62.297177	3.899761035	38.07944633	3.106153906
29	700	73.67254483	8.739150936	23.97837958	2.922114631
29	701	71.58963625	3.674961305	35.68970063	4.648929056
29	702	75.1292368	0.996670104	44.45807343	3.483558825
29	703	78.1340005	1.554831552	30.2674195	2.819535545
29	704	80.23930589	2.88403451	27.30431425	2.09180073
29	705	75.47325267	1.08734222	37.5844755	1.978633235
29	706	81.7246659	3.938593565	36.943477	2.00310041
29	707	90.88229622	4.191487154	50.9406224	1.08414888
29	708	90.68520367	11.92636508	49.89475257	1.782884068
29	709	71.2590586	0.447471258	44.52009562	7.541705706
29	710	74.12944075	0.658330415	33.28523729	5.02898699
29	711	72.4846148	5.03448692	43.1357624	2.326805592
29	712	51.53246463	4.52363429	45.7158814	1.430563381
29	713	58.523773	16.22983587	33.6803535	19.34694146
30	1000	79.46885356	3.834269864	17.83593755	5.04065779
30	1002	76.58285736	9.512018146	17.67693538	2.886509056
30	1003	41.08958489	7.641647927	16.33208983	2.852071697
30	1004	25.82551027	1.889347531	8.914248	1.809402817
30	1005	34.3257315	3.311737165	10.00945463	0.627144176
30	1006	63.383832	13.48641933	12.55597817	1.173602473
30	1007	111.2186499	16.51819838	14.94796367	1.265639513
30	1008	94.22614838	13.58394755	14.14167629	1.102807887
30	1009	89.0296276	2.385302317	21.46881094	3.629292486
30	1010	98.2213011	6.11229711	23.184497	1.167421915
30	1011	86.0624906	2.065102618	26.13519775	1.251879725
30	1012	87.91695125	0.70290484	27.52604317	1.01988179
30	1015	80.05565125	5.04880022	19.62442925	2.269093275
30	1016	76.50222886	1.092568151	10.450673	2.704903314
30	1017	83.374867	3.842797998	15.40485967	3.630859457
30	1018	93.81628558	6.742537877	18.69271944	5.20587963
30	1019	77.38666243	3.555467665	16.793233	2.870382588
30	956	70.774661	1.095536092	28.9232595	12.61939461
30	957	81.4129015	3.98722394	40.01453544	0.463955758
30	958	82.91797075	5.360886292	39.915989	1.042160438
30	959	55.00891686	5.995358994	30.08312529	3.207022594
31	911	58.62422625	7.593367801	32.99333843	5.91243412
31	912	100.8835146	27.69175176	33.38506317	2.599531332
31	913	85.25620343	20.81324806	28.654845	0.288466186
31	914	57.8424404	1.914825709	24.56477036	4.343948684
31	915	58.61417221	4.797522209	14.867335	0.279305894
31	916	64.31423847	4.449263627	13.100833	1.668626565
31	917	93.82181894	23.30650271	13.95354283	0.656352658
31	918	70.00585807	7.298148009	13.83707911	1.359842223
31	919	68.24031948	4.854964706	14.34324838	1.109717745
31	920	74.31294059	11.8514201	13.20996667	0.638841033
31	921	76.75793695	14.31396433	13.71654336	1.103813366
31	922	132.9004448	4.696642288	14.09560286	1.514774105
31	923	72.83938167	19.33139677	22.19110967	4.218806887
31	924	56.7136384	0.522533713	16.544412	6.385219545
31	925	56.71363822	4.642981712	19.46317158	6.824274651
31	926	52.4886936	1.492829351	25.37594422	0.967544597
31	927	54.54818143	1.299622777	25.83284	2.355482781
31	928	66.61753217	4.752660926	28.6870966	1.800748245
31	929	67.15815815	7.250954227	35.22032643	0.2748368
31	930	62.11576233	4.685051187	27.35403513	5.15680516
31	931	101.5915814	29.30116998	23.37366425	1.703865077
31	932	80.04221367	13.59672071	21.527267	0.886182503
31	933	62.9059238	2.299261662	15.843838	4.459512403
31	934	81.60239214	7.54610493	30.93626189	9.99050728
32	1441	42.6260641	9.677451039	14.82084909	4.273374327
32	1442	36.05476967	0.452128358	8.497666471	1.54672688
32	1443	36.16483414	1.00643745	12.00501556	2.196497567
32	1444	29.7836472	5.078968711	7.767265176	1.452567966
32	1445	31.74177329	1.820682692	12.05998945	0.990006442
32	1446	44.1033072	8.657286351	16.82441364	4.015454235
32	1447	57.56023963	5.050914977	22.3926815	6.166208186
32	1448	64.0831029	3.136170207	9.644385778	2.369228327
32	1449	67.85506064	1.444950439	4.761869	0.534019462
32	1450	63.1316838	3.073213189	8.129077857	1.039721974
32	1451	64.56149967	2.44913194	15.91550811	1.829756851
32	1452	71.925589	3.545708351	22.103762	2.355742769
32	1453	68.868417	5.847309622	26.8165102	0.292938576
32	1454	58.809985	0.744816488	26.074726	0.456105087
32	1455	64.2282346	1.565941529	22.527063	3.21303162
32	1456	71.30743575	2.402681677	15.54692	0.443719717
32	1457	65.502168	0.651714139	11.2390425	2.234448887
32	1458	62.8736724	1.101991383	7.530121333	1.675836521
32	1459	65.2919085	6.658246852	12.3943725	10.75598156
33	656	69.887745	0.158752543	16.65000933	2.353562784
33	657	72.20510213	3.340830339	13.335389	0.628697065
33	658	57.21756788	2.647538451	12.67020238	1.04662172
33	659	58.39532271	2.945535283	9.465210727	1.052505685
33	700	67.5178861	1.30564329	11.3841743	1.352278163
33	701	67.00479427	1.587903587	13.37260238	2.529355913
33	702	72.36635973	4.48568479	9.680220667	0.8062871
33	703	68.77862609	2.570848248	12.26033978	7.065946695
33	704	73.70430764	6.964107964	17.68934	4.065158773
33	705	65.9859406	3.985121772	12.17726764	1.321559863
33	706	76.100365	1.012774164	18.706502	1.815351563
33	707	76.2392255	1.401528875	18.85535515	0.903026977
33	708	78.39802	2.849011816	17.14692855	1.441018422
33	709	68.71579843	0.821501463	16.9153042	3.297704378
33	710	69.84716011	1.267464821	17.0846245	0.462172959
33	711	69.04983175	0.935663444	18.75950282	1.063009748
33	712	71.01179733	2.017330011	18.49562686	1.170274301
33	713	72.3233576	2.422800139	19.55000254	2.621458897
33	714	74.14410055	1.735978815	14.343248	2.520212048
33	715	73.04095325	1.661924216	14.123759	1.783780678
33	716	76.95618876	2.688165276	17.93122583	1.920927463
33	717	73.21151385	6.392382414	19.6889322	0.826985148
33	718	73.74828686	2.879309396	16.81138267	3.879499096
33	719	81.68550329	4.719620809	11.1745394	0.680346067
33	720	81.05649922	3.262852417	8.417037667	0.417404516
33	721	85.11644707	8.469330985	17.34378814	3.719922429
33	722	101.1884377	18.04943821	28.00981563	2.427293656
33	723	71.89199425	3.626820008	20.776268	4.175528158
33	724	70.25926244	1.408119981	15.05546856	1.398855906
33	725	74.9841053	1.336373402	9.8683545	2.166498103
33	726	77.049992	1.952554513	13.3946135	1.292472454
33	727	74.93572809	1.1583627	21.70465	3.508723724
33	728	74.828223	1.210325927	21.45201322	3.970840866
33	729	72.12524143	1.213391897	19.52519377	2.83352929
33	730	71.96398371	1.518040042	20.8177342	0.444556015
33	731	74.7099677	1.091585537	18.052169	1.34236973
33	732	69.980727	2.033495196	19.46317167	6.568148193
33	733	71.25487088	0.722800483	23.36396614	2.082903832
34	1422	43.404108	23.03271811	24.8918235	6.918083138
34	1423	28.97736033	1.675836521	15.01707386	7.623490822
34	1424	22.82270167	1.986588609	5.54128	0.651713932
34	1425	30.364174	5.017931341	7.691379	2.243739263
34	1426	49.06542871	4.064473452	8.779866625	0.43739555
34	1427	54.5971345	1.988932383	8.981438636	0.581421907
34	1428	61.67678367	6.962035215	11.07778518	1.349176337
34	1429	72.62850638	6.70411646	11.72281478	0.822255017
34	1430	57.29819625	2.026859773	9.268118444	1.614141244
34	1431	49.59527457	0.32822358	6.8205892	0.620369625
34	1432	47.14569717	2.42780357	9.280916571	0.991563213
34	1433	42.31565329	1.520485459	15.4478616	2.409226497
34	1434	38.726402	10.52021114	13.406827	5.71213197
36	1249	76.8189646	3.814261356	22.217812	1.778391963
36	1250	69.8722445	4.03408674	12.79114538	4.543044099
36	1251	69.49018862	5.241963869	15.15320023	4.927295611
36	1252	86.246785	4.212140679	27.01539458	1.42888246
36	1253	69.9367476	2.339225544	29.48263347	1.131869477
36	1254	86.30437678	8.214218737	34.25487609	4.906622027
36	1255	77.9673677	7.736548214	32.686281	4.128946065
36	1256	69.6747045	4.061215931	13.8191615	4.843095189
36	1257	59.24000483	1.448327496	13.18653615	1.631892349
36	1258	66.04353243	1.055091001	8.920967	0.799055707
36	1259	68.9087315	3.363773501	12.56631523	1.298688001
36	1300	74.43955131	11.26197037	13.53385985	1.233652618
36	1301	78.0790896	9.019125898	10.8089532	3.738602814
37	1000	59.75737213	2.069482767	14.0126702	0.886182585
37	1001	62.01497625	3.942865574	16.13723713	0.874525671
37	1002	64.64212867	1.217110809	13.33538943	0.91694855
37	1003	68.81848783	0.846008822	13.668515	3.57845279
37	944	33.61878225	12.34810217	7.968984333	5.937400066
37	945	41.76631485	5.393647071	8.730593556	0.419820195
37	946	51.06962823	3.084333866	7.978059111	0.715634998
37	947	65.75557279	9.227720323	9.730133714	1.335178083
37	948	60.21732218	4.944106952	5.7885412	1.079876318
37	949	79.11946261	11.07508598	5.523362444	0.361582895
37	950	73.30617926	11.93969386	5.093342667	0.37337651
37	951	102.5107488	1.222795009	9.223325	1.352385057
37	952	98.70104188	2.810215436	13.6847805	1.275531639
37	953	86.63422182	13.95829341	8.4976662	2.227973593
37	954	70.68928233	3.690470686	8.9491868	2.963365845
37	955	63.233046	5.582906335	10.41259813	1.802783991
37	956	62.438277	3.579977262	13.6256524	0.893488181
37	957	64.13148	3.245243096	9.207199	0.244558778
37	958	58.3745898	4.278676961	6.5021055	0.990078907
37	959	56.39112343	0.77894728	8.605171333	0.09310235
38	712	93.72063918	9.055317703	59.73261967	19.51882616
38	713	118.8084998	7.661113998	75.23136683	3.489152767
38	714	132.9409746	3.503762876	79.6928225	0.114025918
38	715	127.8908767	5.027247177	81.7569173	4.662574278
38	716	133.8672564	1.514966418	94.78830956	2.644135723
38	717	143.8272064	4.576013797	101.794049	2.685203884
38	718	143.2397687	1.778577759	87.65714756	35.73539308
38	719	129.8438835	22.69121854	18.495627	#¡DIV/0!
38	720	97.471454	0.20291094	13.012874	#¡DIV/0!
38	721	76.628931	6.075932446	14.302934	#¡DIV/0!
38	722	73.32315367	9.828408599	15.4317355	0.186204122
38	723	84.6111736	7.003104038	18.33436975	2.056088623
38	724	74.7744705	0.45610438	22.54172264	0.613857524
38	725	67.5178865	2.420652432	31.61123167	0.372407667
38	726	65.38122525	0.241886056	34.137598	0
38	727	70.21894813	0.342078479	36.43551625	0.424099897
38	728	65.2065295	0.875357036	39.190331	0.372408244
38	729	65.76197211	2.331891168	45.90939	0
38	730	74.3175745	2.913067045	47.9251085	0.534830371
38	731	71.16633538	1.695532508	44.67308333	2.726474823
38	732	73.92786913	1.331856459	48.75827167	1.5115823
38	733	73.35002983	0.861885422	45.6836298	0.314348302
38	734	77.870613	1.292073647	52.91513	2.233155257
38	735	74.437296	1.523783813	50.478351	0.335683775
38	736	74.7744705	0.75636408	44.84105975	7.693149206
38	737	72.1943515	0.186204122	38.652806	1.117224732
38	738	72.936136	0.334390428	11.18529017	1.717725805
38	739	77.7738586	2.218681925	8.981438667	0.1612575
38	740	83.7081324	1.570087508	12.3033418	0.916475947
38	741	85.60559467	0.589564498	19.86631525	1.67842041
38	742	81.98498143	3.913292056	18.47259014	2.903273613
38	743	72.65508714	3.367705567	16.076766	0
38	744	76.17971386	1.345039885	17.5280825	0.45610438
38	745	74.77447067	1.886091538	18.173112	0
38	746	77.67710467	1.675836521	12.744112	0.744816488
38	747	75.09698525	1.935089056	9.442173857	0.145089109
38	748	72.30185683	0.800893957	9.250201	0.335683775
38	749	73.000639	1.382494519	13.63486729	2.088949831
38	750	75.68826267	0.781169683	17.20556725	0.542873441
38	751	78.42963933	0.832729904	18.3343695	2.736629815
38	752	79.27501891	1.762735443	15.73121371	3.008835685
38	753	76.33329242	1.519485492	17.823721	2.043371992
38	754	78.5282936	4.773593379	23.07343033	1.645618651
43	900	60.89408075	3.682807022	31.055673	5.645221197
43	901	59.84919933	1.801309592	25.20641692	3.163098258
43	902	68.58909614	2.557229723	32.86097667	1.128714599
43	903	52.84345992	2.482050533	25.04575029	4.290622587
43	904	59.54184538	3.840734976	32.2347602	0.264973081
43	905	60.13229573	3.263051911	29.81052342	2.334649281
43	906	38.20934806	11.62940774	15.48548833	4.659669424
43	907	29.34594843	3.98354202	14.2061793	1.908326508
43	908	52.74267406	7.374685005	16.48723882	3.851564547
43	909	105.1023861	13.66580728	22.18663044	1.183470497
43	910	81.19544827	22.62756309	17.09038371	1.447472084
43	911	57.565999	1.395643392	19.30191423	3.277138382
43	912	60.26130186	0.279306183	29.8320245	2.351693782
43	913	61.30947513	2.02330593	35.72713543	1.107203988
43	914	61.71261867	0.676513028	35.427657	0.756364364
43	915	63.970223	0.558612366	25.655457	4.138731165
43	916	67.13489975	2.29179731	20.67260233	1.519744892
43	917	74.6669655	5.281437367	25.48344933	0.093101772
43	918	65.195779	1.532369632	27.6873007	1.28106931
43	919	62.0512593	2.037566326	34.78262755	1.589837814
43	920	56.6330095	1.245620186	24.33672944	3.480861954
43	921	57.43929675	0.4837725	23.24120286	1.128253562
43	922	61.4448063	3.433256631	21.70531829	3.008078427
44	1420	42.070838	39.49779969	12.9587735	9.957798012
44	1421	19.54380033	3.072790071	7.798884222	0.378182182
44	1422	28.83913943	4.423500969	6.455072167	0.131666116
44	1423	40.346009	1.450819067	6.383402	1.452312034
44	1424	35.024514	2.875179618	8.537980625	0.626032404
44	1425	30.75119175	2.779728648	9.0459416	1.484191213
44	1426	21.97418014	1.402281938	5.802363286	0.453382081
44	1427	22.95708267	1.234499727	6.753154091	0.724109429
44	1428	38.49887836	4.4717993	11.72281483	1.256642031
44	1429	45.93047467	20.85245995	14.0232816	3.34303235
46	1010	59.31484133	9.253618849	24.0049075	5.663794503
46	1011	62.095605	4.166510623	27.920228	0.630303677
46	1012	60.65548656	0.419820195	23.35350719	2.278147616
46	1013	66.87285647	9.839787014	19.67050264	2.249996633
46	1014	87.58170553	7.25664724	20.81370263	2.996019495
46	1015	60.26130171	4.386676386	16.21114683	4.150248719
46	1016	53.72304573	0.474894921	11.79192524	0.736456635
46	1017	54.29477683	1.634416256	19.87975333	3.797080009
46	1018	61.6964929	6.718416993	17.04431014	2.299740159
46	1019	62.71039894	5.178085992	24.05900843	3.495834755
46	1020	83.00781423	13.48325553	29.13861767	1.421902984
46	1021	67.02011314	3.071817928	29.1492288	5.11632181
47	1430	63.17096367	3.587337002	33.99582345	4.95028773
47	1431	61.49760867	2.973856496	36.15331588	1.52251983
47	1432	67.46749325	1.767191847	29.05798883	3.958652786
47	1433	59.8339695	4.59699803	23.99853681	2.479993953
47	1434	61.21988761	2.84809074	27.84855822	2.038168732
47	1435	69.55376119	2.332293844	34.0838454	3.33259169
47	1436	70.37751807	2.440622853	40.225066	3.412904484
47	1437	50.00801675	5.319255034	26.50474617	8.69156113
47	1438	53.20995391	1.160809141	18.02425915	1.41113545
47	1439	54.60488738	3.772907945	21.7852785	3.723460338
47	1440	61.65214713	9.840293577	18.25374083	5.255786984
47	1441	75.21081412	4.57981217	37.04023177	3.747284108
47	1442	56.50630736	5.401681053	26.64645709	7.321642998
47	1443	58.11888157	8.938625226	9.142696	4.814824158
47	1444	55.1548165	2.432084195	20.56509717	3.442635394
47	1445	61.945546	3.461509278	25.792526	0.548828347
47	1446	67.6146408	0.244558877	26.55849875	0.263331987
47	1447	59.34750967	5.304513209	19.2212855	3.249247507
47	1448	55.512114	5.870285169	12.2817012	4.685221389
48	702	62.53471875	4.977434683	28.9232595	12.61939461
48	703	56.95552458	1.201832521	33.99649763	1.347626669
48	704	69.17749383	7.766528314	39.71249771	5.681529004
48	705	75.38110576	9.558350504	41.64227077	4.087282494
48	706	59.59730053	1.873539949	36.84441914	1.591571696
48	707	54.536663	4.088220049	23.82384133	4.177424007
48	708	63.46164154	4.608242563	34.79552824	4.173245585
48	709	62.43403326	2.120580191	29.95339174	4.039481218
48	710	56.5416304	3.308987763	36.04336764	2.555630968
48	711	70.22902675	5.033443106	40.46695217	0.828341636
48	712	58.22254714	2.379767046	38.74076464	2.174720954
48	713	67.517886	2.897253573	36.60685238	0.983042227
48	714	67.30623575	2.220219729	29.93338614	3.953256629
48	715	66.56109207	4.965227706	35.30671438	2.876536125
48	716	67.86727717	5.018622101	42.36172686	0.907446079
48	717	71.12314164	5.309493482	38.33029127	1.277907776
48	718	77.42513956	3.029448065	35.50828617	3.073136195
48	719	66.31578518	2.424620728	39.7977338	0.375883141
48	720	62.11576217	0.556279554	36.78490733	0.933872185
48	721	62.78766822	0.62973037	28.09940289	3.705511209
48	722	63.74414925	4.204376851	21.5701294	1.247809352
50	1348	52.96343778	4.959249509	32.92140444	4.933020713
50	1349	47.73697467	2.746115252	23.17209245	1.277907991
50	1350	49.11841325	1.392997846	26.90788983	0.93148569
50	1351	54.07304775	0.887177589	29.88443313	1.387021628
50	1352	59.62867638	1.809465297	31.59203421	2.995009175
50	1353	61.42033944	3.677338286	22.13124909	7.30315071
50	1354	61.8416245	6.005284816	14.91212878	7.569992168
50	1355	50.85461833	2.508891084	23.45429313	0.954984811
50	1356	50.73367517	1.849460864	20.57853558	1.659475494
50	1357	52.5693222	0.973647266	20.6027242	2.805314484
50	1358	55.56179964	2.483619755	27.78991909	5.391052255
50	1359	55.607873	0.388678227	28.8161026	1.624623527
50	1400	56.63921177	1.667560042	28.4774621	0.69442726
50	1401	59.9387868	0.32251475	31.07370675	0.9675445
50	1402	65.31403444	7.069165922	31.741773	2.597577592
50	1403	76.22578747	14.48138039	26.370365	1.182432468
50	1404	59.45501454	5.753900855	21.7207755	1.296760951
50	1405	74.39820333	8.709620548	15.37798317	2.666686209
50	1406	72.84946	12.76176658	12.02517275	1.808955554
50	1407	62.01721589	10.32439432	17.63558733	3.427874392
50	1408	58.76036723	4.326682639	30.34804825	0.383869352
50	1409	58.6809789	1.590564809	31.07370675	0.131666197
50	1410	63.48645033	10.62476107	33.1902105	2.952675273
50	1411	84.31553525	26.19598288	26.26286	0.606951114
50	1412	55.80656538	1.607815927	27.4131631	3.949289363
50	1413	55.38935659	5.090793884	28.54239036	4.249745443
53	1624	63.5734044	6.602070447	34.63463425	9.776244504
53	1625	67.97478222	8.458807417	33.38994964	4.856645865
53	1626	56.59481695	3.81333656	30.57096282	5.103193373
53	1627	56.06188954	4.735800174	34.39809069	4.988799781
53	1628	59.21312841	9.839252081	27.2250292	3.995274841
53	1629	57.05407067	4.339307104	31.42467888	1.590487334
53	1630	74.57815709	17.26604693	30.54961983	2.200467231
53	1631	53.36754658	1.495637533	25.47001088	1.300812965
53	1632	61.60043961	7.200404989	22.63072829	2.027573669
53	1633	59.44101371	4.755541968	18.17719323	2.895659498
55	1357	70.53505289	0.617376624	19.4684773	1.5653616
55	1358	71.24830813	1.081518822	22.42723671	2.748233738
55	1359	68.81802413	1.184217653	20.92344722	1.608273692
55	1400	70.63552989	0.490445142	14.87885324	3.322674541
55	1401	70.769911	1.142161342	16.2541487	0.458946873
55	1402	80.36886315	2.736933935	12.545228	1.591744912
55	1403	80.70516044	2.137463744	18.10671206	3.247275272
55	1404	81.49353017	7.848430728	23.30403045	2.480240231
55	1405	68.08228717	1.068444644	25.40953938	4.493300777
55	1406	68.20323025	0.5365639	20.18262777	1.098870791
55	1407	68.6466885	0.322515	23.6558648	2.017329821
55	1408	69.3723465	0.570131005	28.27857783	0.582910754
55	1409	68.64668825	0.436687497	26.76582943	0.629484495
55	1410	69.0498315	0.114025918	24.8814212	0.088324096
55	1411	71.15513711	0.937206613	24.17547222	0.638840903
55	1412	70.60865333	0.329165436	21.62862857	2.698123436
55	1413	70.743035	0.71391716	16.1842705	1.179128741
55	1414	63.7444624	3.296127332	11.008675	2.723703076
55	1415	57.88851386	0.725445135	8.443913667	0.220319591
55	1416	59.85815813	1.354672074	11.3035454	0.988811856
55	1417	73.4199084	5.622776533	10.594013	0.837917683
55	1418	69.68906933	0.361963046	13.19181733	5.896059143
57	1019	64.690089	4.776046444	23.5211355	4.979637579
57	1020	63.61925065	2.065287959	22.1884222	2.212944494
57	1021	66.1955752	1.525661748	17.38986171	1.404046804
57	1022	63.34535025	0.408293814	12.1743357	2.316725566
57	1023	70.42947867	3.499682799	11.96470113	1.153220235
57	1024	75.01015462	0.557118096	17.02127343	3.213609608
57	1025	70.719998	2.051357949	20.36160586	2.879934725
57	1026	60.04140518	5.065779993	21.65166514	1.081175144
57	1027	52.61309229	2.234171557	20.35904611	2.227325183
57	1028	63.674584	2.412222548	19.516924	4.378765472
57	1029	67.74825386	0.743984575	20.0114468	1.182798704
57	1030	70.077848	0.498428316	22.97052075	0.783109107
57	1031	72.44775629	0.670445643	23.655865	0.558612366
57	1032	71.97934167	1.239341397	27.384943	2.414153617
57	1033	71.53466218	0.814164965	25.805964	4.313347449
57	1034	74.10928375	0.315969296	26.61897013	1.723779645
57	1035	71.06554957	1.593649755	27.05693073	3.215017392
57	1036	66.1955753	2.539256941	34.50618614	1.884515228
57	1037	60.95240514	0.748960934	31.43653583	2.790626176
57	1038	64.0669772	1.594970276	21.35218714	1.376885102
57	1039	61.8900016	0.938592914	19.51692433	1.342736459
57	1040	64.47191233	3.174810824	22.1077934	2.318969104
57	1041	54.27685933	0.566954913	16.9153042	3.197617238
57	1042	50.4891014	1.868546236	14.03417167	0.931020033
57	1043	52.737312	7.616541113	17.4294205	1.463330256
59	657	63.03002925	5.436415243	25.4188764	2.928740693
59	658	53.68430214	3.005010641	33.25801191	1.972836326
59	659	51.90523491	1.175782714	29.4812895	0.96538227
59	700	58.20334976	3.727072309	34.718125	0.144233093
59	701	53.92318374	5.511658652	32.00541644	1.031851538
59	702	50.98899938	1.901653013	33.8634601	1.253827463
59	703	53.2842302	2.761941886	31.14700536	3.072674635
59	704	49.64676859	3.158565039	17.82756043	2.587547134
59	705	60.70109464	1.87654176	12.47534944	0.608733526
59	706	56.94656567	2.623979922	10.61704943	0.145089057
59	707	64.91626627	0.999399704	13.1096289	2.543122922
59	708	60.90633167	2.533333251	30.69255273	3.744002263
59	709	59.408941	1.441471492	32.14875633	1.096866607
59	710	53.327232	2.008933908	28.60109267	0.093101772
59	711	56.36180382	2.339976044	25.383623	2.713910656
59	712	66.12032175	3.773269301	19.2696628	1.230215724
59	713	66.711599	4.302885031	16.157394	0.279305894
59	714	56.20970863	2.28123681	24.44199463	6.612081295
59	715	56.3104945	2.27236496	30.06218282	4.404478093
59	716	67.30701085	2.02203432	23.40502	7.803556393
59	717	71.5170702	2.264504532	18.576256	1.040912093
59	718	65.58279689	8.708647573	16.721795	#¡DIV/0!
59	719	54.78758514	6.711058827	16.309461	3.200166021
60	1000	43.92822743	0.433842289	22.60769175	0.308784604
60	1001	45.72797588	0.505826586	22.54498033	0.808076706
60	1002	46.312534	1.938445559	21.5756438	1.31983948
60	1003	46.876935	0	27.24960186	2.450395418
60	1004	50.90837083	2.136889137	26.2682354	1.296315199
60	1005	44.90601078	2.34070271	19.6728062	1.735214718
60	1006	44.65964513	0.996856395	22.06120811	1.663072446
60	1007	50.08192638	1.42532759	26.28205714	0.65644689
60	1008	52.33665071	0.328223591	21.19668917	1.559095665
60	1009	48.4895092	3.905293889	20.753231	2.84609092
60	1010	45.533123	1.048380285	19.46317171	4.683873796
60	1011	44.0710556	1.177289894	22.78046714	0.901971562
60	1012	48.14683725	1.014174363	25.91346888	0.74148368
60	1013	49.61831133	1.736795444	24.0912598	1.137852551
60	1014	51.29999571	1.408449578	22.87889736	0.529053011
60	1015	51.04659143	0.513570337	23.42293756	0.497754963
60	1016	54.93980638	2.320890859	21.42129757	1.247110606
60	1017	54.3915314	0.420507902	23.5591102	0.244558877
60	1018	59.86967657	1.916764723	24.2041402	0.244558877
60	1019	58.79532509	4.693369598	22.30533413	0.661730951
60	1020	49.8803545	1.46770209	22.7366974	0.745010162
60	1021	47.42521	0.269835408	26.51818425	0.424099707
60	1022	49.77956886	1.085746808	27.284157	0.342078462
60	1024	43.329271		25.83284	1.482340472
60	1025	46.37300538	1.035918644	25.4296965	0.228052544
60	1026	53.33626843	7.444941438	24.596359	3.065182114
60	941	41.73072919	8.566227661	15.7971134	2.378019233
60	942	36.95064422	2.282107772	15.7058735	1.468239847
60	943	41.19836964	2.81032313	17.38026308	1.079469044
60	944	46.95756367	2.156381441	17.27886636	0.609218715
60	945	44.26226093	2.617968232	17.55740182	1.952238536
60	946	47.2317012	1.8922858	16.63220778	2.304784239
60	947	45.32299955	2.907353764	24.46215171	3.684299961
60	948	44.34288971	3.147226236	27.76792933	1.81226372
60	949	39.25752138	1.868181635	19.30191414	2.329411692
60	950	43.04259133	2.482235702	16.35896625	0.966584163
60	951	44.4580735	2.171493567	21.7530272	2.312981095
60	952	39.78160767	0.837918261	21.60559171	1.043882221
60	953	41.5876911	1.186944223	19.6728062	1.450420628
60	954	42.7164932	1.261523757	19.30191421	2.058311159
60	955	46.39316267	1.088935733	20.524783	0.951426926
60	956	44.88137413	3.075312654	19.4631715	0.789996776
60	957	42.2649722	0.826984806	20.82234143	0.595104321
60	958	44.0710556	1.149347926	17.076562	2.295866446
60	959	43.23712429	0.887439438	18.67154436	2.941305951
63	1138	66.52677209	1.811828304	22.51504044	0.991650856
63	1139	67.8887783	1.464298765	24.57943018	2.117440676
63	1140	63.26472138	1.356704394	24.9156885	2.11505051
63	1141	62.11576217	0.889909434	19.49004767	2.324383166
63	1142	61.57151838	1.0746413	20.84537814	2.961547685
63	1143	58.56189654	1.58083735	24.96896114	1.10254873
63	1144	51.27119988	1.839088995	26.0102234	0.963311726
63	1145	54.69792042	0.956486704	24.84668892	2.201758111
63	1146	63.76417156	9.027672552	24.3653976	1.236540689
63	1147	39.08282583	2.662782981	17.75845043	4.947439504
63	1148	29.3536275	0.987057071	8.9008095	0.570131005
63	1149	33.69682753	4.652360552	8.282656	0.186204122
63	1150	26.94820383	1.107572592	9.6533445	1.364566244
63	1151	26.5423729	1.369264642	8.249578	0.55321466
63	1152	38.84613614	13.76907505	13.03056	6.062043296
64	1358	33.00879588	6.325849906	13.22784075	2.621767081
64	1359	41.55543971	2.696745978	23.85474887	4.197328137
64	1400	32.2025085	1.294084809	18.10860927	1.724776194
64	1401	28.35920675	1.736568672	10.88293242	1.821305463
64	1402	35.53516233	3.918940828	20.5704726	4.169533509
64	1403	40.56997772	1.539678259	24.91746712	1.161774441
64	1404	43.1357626	0.134917286	20.75323108	1.117224179
64	1405	39.25176186	3.007806696	22.40611975	2.002775585
64	1406	52.4241906	1.888541107	14.4641914	2.995223698
64	1407	59.68794206	3.372701854	9.714426909	0.890174911
64	1408	46.34573388	3.941649488	14.75738655	3.343763813
64	1409	54.06022055	0.711595415	21.3982606	1.013487036
64	1410	53.11222239	2.416647125	24.94592433	0.426647053
64	1411	54.59041533	1.398785519	31.87999375	0.542873441
64	1412	52.78970756	0.90145633	28.81610267	6.424039036
64	1413	54.33509108	1.024795314	18.7375135	2.62260319
64	1414	39.99248308	7.970257449	15.109221	0.905054895
64	1415	32.386803	1.913531966	16.33017	1.316190951
64	1416	41.65205533	10.70146782	23.63783133	3.31414333
65	701	56.94973233	11.39466692	27.619936	5.080526076
65	702	49.73558927	1.086762406	22.35572688	5.301902508
65	703	52.09764425	0.63303995	15.19880839	2.903804673
65	704	52.44031638	0.149295203	18.92564678	1.254288352
65	705	59.41470033	4.841203402	22.74695936	0.722147798
65	706	55.56467913	4.259008477	23.37366413	1.375760381
65	707	54.61729144	2.543321668	23.44498962	1.076495776
65	708	59.96810645	3.603530446	20.99511717	2.621476285
65	709	52.30593522	1.614588782	15.0930954	0.571143764
65	710	54.39556288	1.749449342	22.77627891	2.612533396
65	711	49.92066913	1.060723905	28.26322	1.696848747
65	712	52.01413571	1.211859917	25.21468667	1.455491677
65	713	59.13249982	5.90475304	30.58993433	0.877334991
65	714	63.9379711	3.635988477	24.39496133	2.768798107
65	715	56.01485617	1.165821471	21.7852785	2.224339567
65	716	61.96346344	2.727243182	23.18449692	0.908547766
65	717	65.99601925	7.20923976	25.85482982	3.084423114
65	718	67.00479427	9.676203227	30.106162	1.325410114
65	719	54.97436164	3.509214846	28.0581926	0.627086516
65	720	42.64392725	2.503759675	21.70611591	1.567525778
65	721	39.78160791	1.584923367	24.94592414	0.483772167
65	722	46.16435636	8.236852846	25.47849918	2.088721179
66	1348	59.58746511	6.387014332	20.6025846	0.531504496
66	1349	73.19910938	1.709320976	17.75989	2.426352787
66	1350	72.03309421	1.308533737	25.03388282	0.658450303
66	1351	62.14263844	11.12476917	21.81036317	3.449384838
66	1352	40.55206022	1.309510041	10.87045429	2.061640396
66	1353	48.3820045	2.224339555	8.877773071	1.909707795
66	1354	49.90051181	8.006015997	13.07737745	1.700482478
66	1355	55.0446238	3.54352354	10.92804607	1.751092216
66	1356	53.6676645	7.621041169	11.66906247	2.970106864
66	1357	53.94001045	6.924411045	13.7385328	1.52272347
66	1358	61.58719617	1.281201911	15.4424862	4.157756344
66	1359	54.43811667	3.511210019	17.96146188	2.432596458
66	1400	59.25980837	3.691969397	20.63497567	2.297941955
66	1401	63.35914179	4.420002833	23.72916382	1.592066764
66	1402	65.53536835	5.543118764	17.97601989	1.01597851
66	1403	65.04211029	2.753763471	11.191614	2.603174458
66	1404	57.708059	8.247670113	16.07676554	0.684157159
66	1405	47.21736733	3.447906405	16.45975188	0.932100054
66	1406	44.90153138	2.286218634	20.03653144	0.853717257
66	1407	45.42561817	2.304243123	20.0920757	1.655803126
66	1408	47.38374393	2.002008682	22.68832017	0.269835289
66	1409	46.27797879	2.022458339	22.24038289	1.900817088
66	1410	36.7822198	1.574865042	17.15181508	2.846160215
66	1411	45.10310309	4.048171657	16.41943763	1.935928868
66	1412	53.00471727	0.844102266	11.00611511	1.415283526
66	1413	57.468073	7.007763767	25.0855414	3.499658793
